1024
976371285
688423210
905611805
607723520
235042059
255718402
494499948
140625001
1024
976371285
688423210
905611805
607723520
235042059
255718402
494499948
140625001
1024
976371285
688423210
905611805
607723520
235042059
255718402
494499948
140625001
1024
976371285
688423210
905611805
607723520
235042059
255718402
494499948
140625001
1024
976371285
688423210
905611805
607723520
235042059
255718402
494499948
140625001
1024
976371285
688423210
905611805
607723520
235042059
255718402
494499948
140625001
1024
976371285
688423210
905611805
607723520
235042059
255718402
494499948
140625001
1024
976371285
688423210
905611805
607723520
235042059
255718402
494499948
140625001
1024
976371285
688423210
905611805
607723520
235042059
255718402
494499948
140625001
1024
976371285
688423210
905611805
607723520
235042059
255718402
494499948
140625001
1024
976371285
688423210
905611805
607723520
235042059
255718402
494499948
140625001
1024
976371285
688423210
905611805
607723520
235042059
255718402
494499948
140625001
1024
976371285
688423210
905611805
607723520
235042059
255718402
494499948
140625001
1024
976371285
688423210
905611805
607723520
235042059
255718402
494499948
140625001
1024
976371285
688423210
