93933836
93933836
93933836
93933836
93933836
93933836
93933836
93933836
93933836
93933836
93933836
93933836
93933836
93933836
93933836
93933836
93933836
93933836
93933836
93933836
93933836
93933836
93933836
93933836
93933836
93933836
93933836
93933836
93933836
93933836
93933836
93933836
93933836
93933836
93933836
93933836
93933836
93933836
93933836
93933836
93933836
93933836
93933836
93933836
93933836
93933836
93933836
93933836
93933836
93933836
time a: 0.000000
time b: 0.000000
time c: 0.000000
elapsed time = 0.000000 end
